eval_loss = 1.2709085724123244
eval_acc = 0.5966981132075472
eval_mi_info = 28.058574676513672
