eval_loss = 1.3676381341575348
eval_acc = 0.5703225806451613
eval_mi_info = 35.243736267089844
