eval_loss = 1.7512216731977235
eval_acc = 0.41985645933014354
eval_mi_info = 28.046602249145508
