eval_loss = 1.4943885669112205
eval_acc = 0.581875
eval_mi_info = 40.07551574707031
