eval_loss = 1.911206150452296
eval_acc = 0.4975
eval_mi_info = 37.8676872253418
