eval_loss = 1.9092973992725213
eval_acc = 0.48583333333333334
eval_mi_info = 38.134857177734375
