eval_loss = 0.3075521716307401
eval_acc = 0.910952623535405
eval_mi_info = 33.210121154785156
