eval_loss = 1.6665467767119408
eval_acc = 0.516
eval_mi_info = 40.998252868652344
