eval_loss = 1.5127426419965924
eval_acc = 0.5834375
eval_mi_info = 39.902767181396484
