eval_loss = 0.9306112273060596
eval_acc = 0.7202072538860104
eval_mi_info = 35.23173522949219
