eval_loss = 0.3257720381130621
eval_acc = 0.9070382424735557
eval_mi_info = 33.10978317260742
