eval_loss = 0.2218445505748576
eval_acc = 0.9312131680552733
eval_mi_info = 25.687454223632812
