eval_loss = 1.0273653223393435
eval_acc = 0.6970509383378016
eval_mi_info = 35.2506217956543
