eval_loss = 1.421166920400772
eval_acc = 0.5367741935483871
eval_mi_info = 35.31254959106445
