eval_loss = 0.8653829221725464
eval_acc = 0.756
eval_mi_info = 41.18266677856445
