eval_loss = 0.8243397582769394
eval_acc = 0.763
eval_mi_info = 41.48158264160156
