eval_loss = 1.6819461516737937
eval_acc = 0.514
eval_mi_info = 41.06496810913086
